% # columns="iteration, evaluation, sigma, max axis length,  min axis length, all principal axes lengths  (sorted square roots of eigenvalues of C)", seed=317361, Sat Nov  9 20:57:37 2024
1 9 0.8971195891497867 1.0000416675347343 1.0 1.0 1.0000083333680556 1.0000166668055563 1.0000250003125026 1.0000333338888951 1.0000416675347343
2 18 1.0261561001700084 1.08405979267547 0.9242765287219383 0.9242765287219383 0.95764284226692 0.985452337501055 0.9961551800644052 1.026212113987648 1.08405979267547
3 27 1.2250398088607581 1.2771691648162788 0.8653614485941767 0.8653614485941767 0.9276228355481592 0.9570698795222927 0.9780540125115011 1.0341834904968215 1.2771691648162788
4 36 1.5936520405315715 1.4351024989646979 0.8261352476658027 0.8261352476658027 0.9053884566399212 0.9678720090023257 0.9802627214691727 1.0226974299387557 1.4351024989646979
5 45 1.9754664035849117 1.5851248058600336 0.7948977733227236 0.7948977733227236 0.8994998899279641 0.9238751640001277 0.9664999425563866 0.9997327403221855 1.5851248058600336
6 54 2.19846351627608 1.5502169897395424 0.7977624004732593 0.7977624004732593 0.852431423623725 0.92996877982035 0.9563785432360233 1.0201995989633534 1.5502169897395424
7 63 2.7094606905269707 1.4745566936301362 0.7770826625978284 0.7770826625978284 0.8383919127290526 0.9073071650600162 0.9644803353833235 0.9941480726559908 1.4745566936301362
8 72 2.9041793810287584 1.4421886696686528 0.770316109704832 0.770316109704832 0.8668133898203874 0.9133038955176672 0.9774186886801565 0.9805257597300263 1.4421886696686528
9 81 3.4264140582034623 1.373904155547452 0.7532531181608125 0.7532531181608125 0.8463107800386328 0.872495248923187 0.9476567875270596 1.0799080055553754 1.373904155547452
10 90 4.2641873109247825 1.2654697077241819 0.7872824837963077 0.7872824837963077 0.825631315728066 0.8550305432086193 1.0407062085568421 1.1624773055839097 1.2654697077241819
11 99 4.66103395860554 1.2575463699140164 0.778640036270322 0.778640036270322 0.795799214634884 0.8324688834580266 1.0909603780614412 1.1910105436989387 1.2575463699140164
12 108 4.817877425652242 1.230727894717856 0.773552483477793 0.773552483477793 0.7834659901299278 0.9106303669925148 1.0914716055908413 1.1804593711238427 1.230727894717856
13 117 4.816542372628466 1.306483637166495 0.7453165769173704 0.7453165769173704 0.7644157680752081 0.8964128729175483 1.0664866444887213 1.1202717997587917 1.306483637166495
14 126 4.380451254051973 1.312153844349757 0.7064383732988581 0.7064383732988581 0.7740527875403371 0.8603993979421694 1.0381475463121534 1.0932548744090995 1.312153844349757
15 135 4.308972573955715 1.3252748339840543 0.6744491479055399 0.6744491479055399 0.7375633070138451 0.8090415398570415 1.0192561076507074 1.0687443075831777 1.3252748339840543
16 144 4.303377929645074 1.3433014944460067 0.6335981782569859 0.6335981782569859 0.7131720259048181 0.783650434539109 1.0097724222713425 1.0728964637540632 1.3433014944460067
17 153 3.9460259753823776 1.4532983781364173 0.578852539210041 0.578852539210041 0.7014826414267762 0.7887900895897959 0.9590452237153468 1.0443571379447032 1.4532983781364173
18 162 3.8607667409653756 1.4437935114758031 0.5662253163812089 0.5662253163812089 0.7112785024190736 0.7588507185375722 0.8511564118170855 1.045682166352233 1.4437935114758031
19 171 3.9863160261852486 1.4336560883835265 0.5796764399215182 0.5796764399215182 0.6905597403288698 0.7171583682387803 0.8359565729935864 1.0267298987076177 1.4336560883835265
20 180 3.9138708570944525 1.4579739463849022 0.5671963319777126 0.5671963319777126 0.6943520988904444 0.7206300684176982 0.8425021176385015 0.9611306785091273 1.4579739463849022
21 189 3.5945968803953865 1.4212034999890626 0.5426096400457445 0.5426096400457445 0.6917658413847162 0.70707039386286 0.8673154454365996 0.9372370307873431 1.4212034999890626
22 198 3.566426443115776 1.4640541800303326 0.492943006875182 0.492943006875182 0.6820535770320939 0.6941282947030523 0.8519361063124363 0.9143238096922508 1.4640541800303326
23 207 3.867881001712788 1.4839814516707688 0.4873414565364792 0.4873414565364792 0.6661600285096194 0.6841176070498112 0.8706435321127989 0.8841394385059668 1.4839814516707688
24 216 4.045177892561797 1.5880942888408232 0.5246140880568141 0.5246140880568141 0.636886382560164 0.6785111858088784 0.8015844846620795 0.8825652962057331 1.5880942888408232
25 225 3.9504408477999067 1.630996881560215 0.48775478364299013 0.48775478364299013 0.6381708386926994 0.6638476928047955 0.8037712408097432 0.8656516773438937 1.630996881560215
26 234 3.9928729087782715 1.596932864434747 0.4897038458727117 0.4897038458727117 0.6196055940270618 0.6588093507623173 0.7794035334111651 0.8614402333681397 1.596932864434747
27 243 3.7897866019848823 1.4881612097657988 0.5055184693754409 0.5055184693754409 0.5900859089432795 0.6561298826153411 0.7276368234525251 0.928848460368996 1.4881612097657988
28 252 4.035996032791753 1.4846947359383469 0.49293902471410683 0.49293902471410683 0.5185847702881939 0.64069541558215 0.7285451606944046 0.9534110841538055 1.4846947359383469
29 261 4.557869434523039 1.498392469112978 0.48755354499712805 0.48755354499712805 0.5461302819556086 0.5736177750289396 0.7119147380290582 0.9702339570307071 1.498392469112978
30 270 4.420480084271724 1.4677010591288255 0.4880714863055322 0.4880714863055322 0.5568345153786856 0.606954453655621 0.7114677794870466 0.9229686791951268 1.4677010591288255
31 279 4.045049202516798 1.4107956009008356 0.48185201007283135 0.48185201007283135 0.5355633987049039 0.6127934617232476 0.7206503044722908 0.8852397375765672 1.4107956009008356
32 288 3.6458263694311226 1.3943602507479596 0.47675106360302283 0.47675106360302283 0.5274166567915507 0.5816317450071978 0.7009197014842126 0.8722574713085149 1.3943602507479596
33 297 3.1271007783168634 1.3176457502879704 0.4711445424452464 0.4711445424452464 0.5146447224078294 0.5871048563812693 0.6870426418612516 0.8416418298149224 1.3176457502879704
34 306 2.9331493342202437 1.1694986442938433 0.47911025926367473 0.47911025926367473 0.5148613780087563 0.5763613351146485 0.6669759145727728 0.8164991958885764 1.1694986442938433
35 315 3.075996716005943 1.1574385078953802 0.47055272920175967 0.47055272920175967 0.52431565001908 0.5548243779461465 0.6297768724115769 0.8320740049777445 1.1574385078953802
36 324 3.18801603105819 1.2583217674677385 0.4531140467572997 0.4531140467572997 0.511123497766753 0.5713097717668957 0.6278288847286665 0.781223329693061 1.2583217674677385
37 333 2.6632989151255417 1.358582461732149 0.43161182364785067 0.43161182364785067 0.4817516633149556 0.5688108109036057 0.613152229916004 0.7546752386798977 1.358582461732149
38 342 2.768130243425796 1.3698217854759995 0.37888831493451547 0.37888831493451547 0.4750466170729472 0.561991966614509 0.6100883974576661 0.7322080562962783 1.3698217854759995
39 351 2.3764385877823346 1.2546035135804858 0.39474757878226097 0.39474757878226097 0.4787519806504014 0.5728760434987274 0.6166445058598176 0.7259616575425714 1.2546035135804858
40 360 1.99603268368399 1.243145322674807 0.3747070153094995 0.3747070153094995 0.46506510404932005 0.5313167192421574 0.6239333084694896 0.7154593708100939 1.243145322674807
41 369 1.7721390169906222 1.252099316098724 0.3629815848185036 0.3629815848185036 0.43402426153506524 0.5148517199211307 0.61133731051045 0.7071895384384593 1.252099316098724
42 378 1.7380732983452827 1.206902153567788 0.34366011268895635 0.34366011268895635 0.41842915475639086 0.5114301928900429 0.606408712828107 0.6913442472058643 1.206902153567788
43 387 1.6495809415036398 1.2172643317482985 0.34550443155247934 0.34550443155247934 0.38154421785455156 0.5086384304676104 0.606584297523679 0.6997559164680792 1.2172643317482985
44 396 1.6393973203037313 1.1013743338863893 0.3404181124889648 0.3404181124889648 0.38665384755346277 0.49511905586344024 0.6099633787792662 0.6933821953536037 1.1013743338863893
45 405 1.6514094507554449 1.03120179047415 0.36107721858373626 0.36107721858373626 0.38372028623983806 0.4923586550789106 0.5581423937241916 0.6867057359883314 1.03120179047415
46 414 1.665856061787727 0.9977852454000018 0.3536066398753696 0.3536066398753696 0.38134707700523934 0.4690747925765467 0.5676299635729739 0.6838464178018282 0.9977852454000018
47 423 1.5820578060616328 0.9486306121924836 0.34061354425691504 0.34061354425691504 0.37842334587769605 0.4829969926491149 0.5718469709603795 0.6637193644110084 0.9486306121924836
48 432 1.557019095179467 1.0043709478380083 0.31229920472427913 0.31229920472427913 0.3582654659841436 0.4705860049010118 0.5881966636805169 0.6519593166575364 1.0043709478380083
49 441 1.4032007761683478 0.9852258476886376 0.3129588570841973 0.3129588570841973 0.3562462065560448 0.4392782666005695 0.5672877237947643 0.656120705408165 0.9852258476886376
50 450 1.2312598275684559 0.9543893423890083 0.3120816531523855 0.3120816531523855 0.3570660451995476 0.4279846849592408 0.5502845087268681 0.6314690164040553 0.9543893423890083
51 459 1.111829208192709 0.9454336351887352 0.30759984155497055 0.30759984155497055 0.3532707109795802 0.39693675634994585 0.5241352668988344 0.6337001418907435 0.9454336351887352
52 468 0.990545923697597 0.9124617782968443 0.3156713202806678 0.3156713202806678 0.356328978292122 0.386668551677785 0.5076589527305259 0.5796420275025204 0.9124617782968443
53 477 0.8699255959833632 0.9012644540701454 0.28961281068012273 0.28961281068012273 0.34399432574860284 0.38931910757463606 0.49840099040349906 0.5894269606381864 0.9012644540701454
54 486 0.7704918805825789 0.9056090209554202 0.2895445498220549 0.2895445498220549 0.33798084658495536 0.3807765501118639 0.45298992972799973 0.5653505684706355 0.9056090209554202
55 495 0.755661722063894 0.8876218454941056 0.28764796235446655 0.28764796235446655 0.34274505710878767 0.3633840502653675 0.4318736731297812 0.5495222520544036 0.8876218454941056
56 504 0.6749122973279297 0.8688078307111775 0.2963303812678443 0.2963303812678443 0.3335700656261524 0.3548488095322503 0.43604150173570666 0.5321306390281993 0.8688078307111775
57 513 0.5973373289348237 0.8669375785969914 0.28168885168082214 0.28168885168082214 0.3201051096564275 0.35363633282289847 0.432339622543377 0.5098980105527963 0.8669375785969914
58 522 0.5062718548577951 0.8592890438571499 0.2776179826007193 0.2776179826007193 0.3181379619124103 0.330517223123266 0.4250855618653063 0.5137659873566212 0.8592890438571499
59 531 0.49832751297240824 0.8405669301907158 0.26042457739850894 0.26042457739850894 0.31103473165324036 0.33974848952852005 0.4049521859461868 0.5154632075993336 0.8405669301907158
60 540 0.4622751205886749 0.8027630345376365 0.24066444831575773 0.24066444831575773 0.31096542118729303 0.3356836060660242 0.4367538488909085 0.49914735802395666 0.8027630345376365
61 549 0.41217280403380946 0.8186786910074417 0.23857412359004324 0.23857412359004324 0.3025069945089716 0.327387238923088 0.43671053231673035 0.4567938298733852 0.8186786910074417
62 558 0.35980671799774994 0.7990960465356828 0.2396008195207088 0.2396008195207088 0.29867267524641344 0.3243030634402631 0.4152323559761879 0.4242595662269767 0.7990960465356828
63 567 0.33211195876797667 0.7830816320683648 0.2265570632393065 0.2265570632393065 0.2920867509465273 0.32459477102687334 0.3948114212648328 0.4140187420408108 0.7830816320683648
64 576 0.2820987926274858 0.8059998527824588 0.2249912556727178 0.2249912556727178 0.28378542383940314 0.31744030031232573 0.36746483227920146 0.4151759748486339 0.8059998527824588
65 585 0.26540261134740906 0.80994146812435 0.22238499502597378 0.22238499502597378 0.2484655157665349 0.3120718748003117 0.3744882431737155 0.4068927782062041 0.80994146812435
66 594 0.2767679247251429 0.7767291030495705 0.217130532468873 0.217130532468873 0.24267301151906587 0.29594193218428483 0.3768443646997859 0.41653380624430214 0.7767291030495705
67 603 0.251130405623528 0.7312479467182587 0.21457650849132445 0.21457650849132445 0.23369292173988856 0.28729230893447677 0.41558402474969397 0.42146815478760596 0.7312479467182587
68 612 0.2368636256134886 0.7448300356344033 0.21123295212322954 0.21123295212322954 0.2332112126278747 0.27766538426512766 0.38159834772660856 0.4041897447268821 0.7448300356344033
69 621 0.22033808677687156 0.7716416580057354 0.20205044030097685 0.20205044030097685 0.22020086471390882 0.2819170943509007 0.3635996871965563 0.39256609442869145 0.7716416580057354
70 630 0.18579477121582272 0.7709972146231828 0.17526790960083585 0.17526790960083585 0.21200445471525947 0.2794638913414648 0.36955292290850034 0.40157667015727533 0.7709972146231828
71 639 0.1572297564180455 0.7166043149166202 0.17110966017044993 0.17110966017044993 0.19976060895281927 0.28085194290736 0.3651673508566015 0.40331492221040693 0.7166043149166202
72 648 0.13589936853047485 0.6817242864550234 0.16916969472117738 0.16916969472117738 0.2000884214073774 0.2654987229546414 0.35154261417140875 0.40519752521984875 0.6817242864550234
73 657 0.11696088475448059 0.6778510466239466 0.16534430551059473 0.16534430551059473 0.19273964104960478 0.25455815872244897 0.3430522466427221 0.38555585886424604 0.6778510466239466
74 666 0.10426782362127462 0.6688454976663478 0.16845808788137928 0.16845808788137928 0.17876671920530848 0.24702913324826117 0.3267587359589225 0.37734059145997034 0.6688454976663478
75 675 0.0886495052953771 0.6691336584834569 0.16371898783962505 0.16371898783962505 0.17992343383898243 0.22090438263334677 0.3216548004981042 0.37432596430950116 0.6691336584834569
76 684 0.07393367809643815 0.6313477779645411 0.15036247463236677 0.15036247463236677 0.1775933025461526 0.2240103492223505 0.31813956307363583 0.36693229445234776 0.6313477779645411
77 693 0.06484215102453825 0.6299991742256389 0.1479478525862893 0.1479478525862893 0.1676887405287821 0.21192072567011813 0.31424032215760683 0.35713637955801303 0.6299991742256389
78 702 0.054725452903885814 0.6197174624729167 0.13952946679279807 0.13952946679279807 0.16061660508652437 0.20058016432987244 0.3117459556424181 0.35803749780334254 0.6197174624729167
79 711 0.051375935041110925 0.6156649934711135 0.13585715350878394 0.13585715350878394 0.1573712545016343 0.19381301914177693 0.3034113913354603 0.33375002712415136 0.6156649934711135
80 720 0.04687488337715666 0.5778829300806124 0.13461371075006023 0.13461371075006023 0.15502144515377406 0.1866397762804996 0.28325505461345857 0.35975716554634646 0.5778829300806124
81 729 0.04249414925713262 0.5639669644308953 0.12873225266241428 0.12873225266241428 0.1572162621631372 0.17873357787926555 0.2813575278554964 0.34683546388945435 0.5639669644308953
82 738 0.040329410737502285 0.5521234103679882 0.1300507980790891 0.1300507980790891 0.14690604404973653 0.17487563462829817 0.2685833424871176 0.34235758846486436 0.5521234103679882
83 747 0.03453105607596742 0.5416114561983599 0.12779497139676932 0.12779497139676932 0.14706828235294145 0.16384386862133668 0.26203161239203115 0.33239527249096 0.5416114561983599
84 756 0.03324908315244884 0.504976930214935 0.11602406068504426 0.11602406068504426 0.14674557176882444 0.16637506007870437 0.26025716643471886 0.32853010801981647 0.504976930214935
85 765 0.03432151689686975 0.4950182130870735 0.11147575160358175 0.11147575160358175 0.14388522418443603 0.16326899522084048 0.2591687074510414 0.3318535240426107 0.4950182130870735
86 774 0.033552842794968424 0.49369467512961923 0.1091057912186362 0.1091057912186362 0.14224000850184587 0.16972330893538223 0.25545700439403407 0.30723280291262334 0.49369467512961923
87 783 0.029365505668707954 0.4969293204464231 0.10973454505358313 0.10973454505358313 0.14536028323591668 0.1619180997007461 0.24051988836068 0.3099185469994075 0.4969293204464231
88 792 0.02964743194362729 0.4728251426956157 0.11110336049341889 0.11110336049341889 0.14407683949533986 0.14638035002711425 0.23196527614460424 0.3017950058391533 0.4728251426956157
89 801 0.02686159458084919 0.4721128570663976 0.11444089406982019 0.11444089406982019 0.13354339968859882 0.1513577598586844 0.21536324692459602 0.31503538698936345 0.4721128570663976
90 810 0.024112459083661608 0.46987177536128394 0.11601529348908973 0.11601529348908973 0.12389914074102241 0.15136131816403575 0.1975066893845834 0.3092009742914287 0.46987177536128394
91 819 0.023800653001883457 0.4664323585929821 0.10978803720869885 0.10978803720869885 0.12210987228718005 0.14573855143308487 0.1903747884596225 0.31017383203207033 0.4664323585929821
92 828 0.0224912313171072 0.4758152199986259 0.10878859529034653 0.10878859529034653 0.12145517332907282 0.14374876512004597 0.18266949457363238 0.2964613071653778 0.4758152199986259
93 837 0.01986974231771454 0.4804014865965071 0.10068509920893995 0.10068509920893995 0.12662760133028406 0.13707857459741624 0.17775249003243718 0.2895416300906967 0.4804014865965071
94 846 0.016809972772945523 0.47413560044676334 0.0927909698380367 0.0927909698380367 0.12484214345237236 0.13425903577841916 0.17363576385361384 0.2915432948792229 0.47413560044676334
95 855 0.014697176652640203 0.45199412834108166 0.09036822556179581 0.09036822556179581 0.12259256696174595 0.13181849199173512 0.1655063539680188 0.2854215308715819 0.45199412834108166
96 864 0.012441799276716814 0.4366355148363008 0.08516667019736983 0.08516667019736983 0.11927038038571337 0.12439554141581967 0.1635668067587432 0.2851196704567041 0.4366355148363008
97 873 0.011923110812928718 0.4347078713021462 0.07848283202515122 0.07848283202515122 0.11724999830182717 0.12218578550136365 0.16023319354987214 0.2750479280347965 0.4347078713021462
98 882 0.011047219056787065 0.42833540300330186 0.07853904388386929 0.07853904388386929 0.11650354388835 0.12103221887910263 0.16903979566440133 0.2521465136972335 0.42833540300330186
99 891 0.009835987531208373 0.4138555614278281 0.07694694216337063 0.07694694216337063 0.11359174972975496 0.11923636554613905 0.16365500480177433 0.24640853614242036 0.4138555614278281
100 900 0.00951166611105932 0.4071382929161305 0.07430672461270461 0.07430672461270461 0.11114261994236688 0.11918818881300197 0.15100180317660342 0.24326124296408244 0.4071382929161305
101 909 0.0093296754737905 0.43346291307195495 0.07088227971634557 0.07088227971634557 0.11196283325211132 0.11752690732809157 0.14298215484520801 0.23192828978953484 0.43346291307195495
102 918 0.008375151932085736 0.44264290400764705 0.06930148959954514 0.06930148959954514 0.10801849353222104 0.11805644750886216 0.1367494146660935 0.22204139222547123 0.44264290400764705
103 927 0.007373333155330599 0.4417497710768725 0.06702072605882807 0.06702072605882807 0.10756852457048557 0.11648383286664891 0.1293760534826708 0.20869067686133744 0.4417497710768725
104 936 0.006436956253659011 0.43435515974714284 0.06640426274823735 0.06640426274823735 0.09622598182407231 0.11195083694068313 0.12874616197918115 0.20775843649840128 0.43435515974714284
105 945 0.005968679759393766 0.42192794363097497 0.06640357502972254 0.06640357502972254 0.09419900252836134 0.10590637706369391 0.12357434898296661 0.20711892899740866 0.42192794363097497
106 954 0.005705642513426496 0.41410638541285133 0.05820127907993471 0.05820127907993471 0.09841724410939111 0.10549135646901438 0.12609157158794043 0.19913361858599557 0.41410638541285133
107 963 0.005161251380262774 0.40990714616416485 0.06062553584707089 0.06062553584707089 0.09188587579413805 0.1012554696623756 0.11857742902177948 0.20203345485269372 0.40990714616416485
108 972 0.005018045606702544 0.4064220731958745 0.05913760105872895 0.05913760105872895 0.08936198882174014 0.1004033175506155 0.10693592038568911 0.2025403017512896 0.4064220731958745
109 981 0.005257817184652567 0.4060183255816185 0.062478930539825644 0.062478930539825644 0.08555760467388486 0.09355196417283625 0.10251850274844458 0.20698145111500962 0.4060183255816185
110 990 0.005645734419913275 0.39026991594125837 0.06802352071519212 0.06802352071519212 0.0824974602039963 0.08789580511780155 0.10162986722041985 0.2020479234141919 0.39026991594125837
111 999 0.004847079398681263 0.39185306403457365 0.06800067093191295 0.06800067093191295 0.08210984333391866 0.08641308259735837 0.10503860330767445 0.19207211470758986 0.39185306403457365
112 1008 0.004401550312322928 0.3938160628589885 0.06464510317857183 0.06464510317857183 0.07934272181279159 0.08569955711257046 0.10168215195257849 0.18556851772086005 0.3938160628589885
113 1017 0.003585350271422689 0.38282739559996837 0.06288817276972963 0.06288817276972963 0.07422207963152683 0.08213047329503292 0.10426518683267394 0.18750661637465016 0.38282739559996837
114 1026 0.0034327732951954875 0.3768153744884003 0.05953483880985281 0.05953483880985281 0.07471291336273232 0.07892552799522966 0.1035164583939886 0.17471635279949513 0.3768153744884003
115 1035 0.0031093751628058436 0.35819701979624186 0.05905181423892745 0.05905181423892745 0.07579984212977711 0.08073424205268206 0.09671947981644965 0.16631830259006028 0.35819701979624186
116 1044 0.0025773114343367693 0.3537509482558803 0.059229010188540494 0.059229010188540494 0.07313925243380348 0.07420065833609331 0.09510132137654351 0.16686397700916566 0.3537509482558803
117 1053 0.0025109968100655395 0.3468293669960145 0.057671221397089474 0.057671221397089474 0.06898223967873612 0.07293516599788016 0.09391742842499712 0.15723950164425698 0.3468293669960145
118 1062 0.0022325764183533437 0.33471894147280196 0.055248875074508735 0.055248875074508735 0.06863963074565371 0.07110713149690148 0.10001745177140885 0.15579028547442664 0.33471894147280196
119 1071 0.0018742184071903706 0.3199637340066687 0.054085265097610406 0.054085265097610406 0.06681095692743783 0.06895156862145278 0.09629989213768797 0.15315904344370776 0.3199637340066687
120 1080 0.0017042250442280515 0.3095202826769878 0.05398836314036526 0.05398836314036526 0.0638536202277929 0.06719341349429321 0.09412560432927049 0.1494190114142972 0.3095202826769878
121 1089 0.0016007818611475022 0.3086816601958311 0.054484194784762 0.054484194784762 0.06200459214948547 0.06608954781241023 0.08815875046908511 0.14441844965228479 0.3086816601958311
122 1098 0.0015300120540440232 0.28649346129315983 0.05152650601844389 0.05152650601844389 0.06391492423565882 0.06615990773598704 0.0902650309969855 0.1354335042758124 0.28649346129315983
123 1107 0.001264232325228402 0.28300617053141913 0.050480491736328036 0.050480491736328036 0.06123536737536627 0.06322104733145127 0.08927255883418903 0.13580943354688582 0.28300617053141913
124 1116 0.0011093797579600753 0.2763504337725127 0.04995912760061903 0.04995912760061903 0.05523750590422364 0.06164188100801014 0.08643885377796323 0.13163605555600438 0.2763504337725127
125 1125 0.0009167901870621499 0.27493854475621443 0.04711489275802044 0.04711489275802044 0.055109866704401426 0.059417107609205794 0.08127469413854414 0.12942073354364705 0.27493854475621443
126 1134 0.0007592671716734107 0.25426728768365003 0.04510846663977088 0.04510846663977088 0.05337405626109664 0.059472236610328466 0.07817027187415664 0.12901793978485093 0.25426728768365003
127 1143 0.0007135410325408608 0.2384763680577802 0.04491825905138683 0.04491825905138683 0.05109463233119976 0.058126417275782355 0.0730039208906952 0.12834978287973478 0.2384763680577802
128 1152 0.000674009623148914 0.23689185710064814 0.04716546648237356 0.04716546648237356 0.05007900167520145 0.053396914783054854 0.073844088162976 0.12487754910623726 0.23689185710064814
129 1161 0.0006615843633701158 0.22615278838862246 0.047449630246812174 0.047449630246812174 0.049119033655186765 0.053891481790818256 0.06961935782283142 0.12186664392829487 0.22615278838862246
130 1170 0.000618900087229509 0.21619091981647098 0.043828862415006116 0.043828862415006116 0.048204995550539954 0.051675666097457766 0.07377181647047945 0.12248234323341844 0.21619091981647098
131 1179 0.0006062829433857755 0.20230456272109607 0.043063914719715754 0.043063914719715754 0.049033058777343805 0.05135736002710185 0.06917230641698192 0.12074618938790768 0.20230456272109607
132 1188 0.0005942165693259525 0.2034665761722642 0.040683972216463 0.040683972216463 0.04793743428314673 0.052619935508465714 0.070566224308553 0.11589707315537232 0.2034665761722642
133 1197 0.0005574593149077535 0.20493213076601255 0.03986386061768444 0.03986386061768444 0.04456195916928069 0.053240895949596585 0.06973602453322465 0.11594552864618717 0.20493213076601255
134 1206 0.0004859406111888823 0.20004250708120117 0.037756452892709326 0.037756452892709326 0.04483154812714648 0.05488639937785324 0.06832208108846614 0.10991175634086792 0.20004250708120117
135 1215 0.0004759855090706014 0.19685876150654394 0.036815937877952315 0.036815937877952315 0.04371795247135063 0.05414000202149992 0.06808723995367527 0.09973135573702266 0.19685876150654394
136 1224 0.00043852376912721983 0.19824715146906438 0.03722637578767078 0.03722637578767078 0.04275027862841854 0.0531827162534601 0.06632217582129571 0.09246238686846399 0.19824715146906438
137 1233 0.0003795505929731996 0.19734204907372835 0.037792002359050114 0.037792002359050114 0.04183927112825413 0.051277829615439585 0.06012695686888686 0.09346781002601039 0.19734204907372835
138 1242 0.0003275100012101944 0.19209113622890323 0.036256146400057754 0.036256146400057754 0.0407655942388431 0.04978779767212143 0.05683736289958147 0.09312898356433219 0.19209113622890323
139 1251 0.0003116139722842726 0.1861357589000084 0.03597677254600524 0.03597677254600524 0.04038724618786697 0.04894339861138022 0.05202345659624981 0.0880427809577915 0.1861357589000084
140 1260 0.00030187705718934943 0.1832133470882811 0.03567207304893079 0.03567207304893079 0.039631786447675475 0.04795562808074857 0.05211117954433598 0.0845082871802633 0.1832133470882811
141 1269 0.0003031973124489689 0.1781765552657329 0.0342183423856233 0.0342183423856233 0.040143499334497935 0.048345480726828816 0.05076844578279323 0.08146170952802875 0.1781765552657329
142 1278 0.0002733873213021486 0.17496624784660775 0.03343164282916745 0.03343164282916745 0.0378339982667529 0.04982695106047448 0.051794011371804415 0.07752064637742731 0.17496624784660775
143 1287 0.00028158085579984773 0.16936207430022274 0.03125583113626667 0.03125583113626667 0.03707546461899042 0.04892192079781803 0.05144567317899617 0.0755660498787099 0.16936207430022274
144 1296 0.00024949899987677156 0.18110602181424393 0.03181162576884973 0.03181162576884973 0.03816500132860562 0.04772301821396258 0.04933523475658811 0.07048119904153992 0.18110602181424393
145 1305 0.00022816249650656635 0.1817796451032891 0.030849483518775707 0.030849483518775707 0.037881463542642824 0.04346813241048595 0.04720736160771875 0.07005360207153523 0.1817796451032891
146 1314 0.00020331344058326282 0.17714541728960753 0.030025223233175503 0.030025223233175503 0.037858684039625286 0.0409088901349542 0.04710686212843015 0.06744437242308234 0.17714541728960753
147 1323 0.0001792788053451112 0.17655334046486054 0.02673575670235855 0.02673575670235855 0.036358265022153634 0.04041149085038256 0.04721624491937317 0.06722590915778426 0.17655334046486054
148 1332 0.00020067702488520535 0.1675203558138468 0.024767117999275747 0.024767117999275747 0.03578023306925173 0.0405815522002011 0.0475358923063888 0.06647854627578283 0.1675203558138468
149 1341 0.00018471280505596042 0.1627765101089576 0.02431157709580818 0.02431157709580818 0.03405098751991681 0.04029372862118009 0.05618114709657154 0.06526385551934384 0.1627765101089576
150 1350 0.00017550529053875284 0.16478054204949602 0.024154154457488412 0.024154154457488412 0.03431110586534429 0.03886405113716031 0.0498521056721819 0.0638908331150733 0.16478054204949602
151 1359 0.00015432305656365867 0.1635535471523816 0.023461420625462998 0.023461420625462998 0.03375711860797993 0.038908165253700396 0.04924644534432049 0.06035249939316547 0.1635535471523816
152 1368 0.00014089088636558847 0.16262031655184833 0.021848063654626 0.021848063654626 0.032229196228783015 0.039256217342092406 0.046995952632112974 0.06204556932225413 0.16262031655184833
153 1377 0.0001280660947512586 0.1590134354119708 0.0210811012556818 0.0210811012556818 0.03140714636312628 0.03861842050118776 0.0463801031089412 0.06143068807171922 0.1590134354119708
154 1386 0.00011798355205020497 0.1550970717041454 0.019993437277546447 0.019993437277546447 0.031541946519583565 0.03746305166554595 0.045759204847575466 0.05960867326633458 0.1550970717041454
155 1395 0.00010146566532112409 0.15077871014920946 0.01959867709435265 0.01959867709435265 0.0300981690226059 0.03687170732176015 0.045331375211960734 0.058962622005634326 0.15077871014920946
156 1404 9.519433532189804e-05 0.14275954953829348 0.018373000008283014 0.018373000008283014 0.03072133292478469 0.036836369742834184 0.0449032731783816 0.05522856580814622 0.14275954953829348
157 1413 8.436482295212904e-05 0.14112911743290904 0.017946674463557247 0.017946674463557247 0.027681597618896447 0.0377189837385155 0.04502918359352853 0.05576317188269408 0.14112911743290904
158 1422 7.731510335483599e-05 0.13782259759004664 0.017654202670424134 0.017654202670424134 0.02819825327922711 0.035657444694876375 0.042171436427807414 0.055038304738328436 0.13782259759004664
159 1431 6.406385532300517e-05 0.13694412717721996 0.017332773742472146 0.017332773742472146 0.02814800448579023 0.032844631860046984 0.039795504948538805 0.055791588430730794 0.13694412717721996
160 1440 5.8022683489945916e-05 0.12686448508973433 0.017432554065136996 0.017432554065136996 0.026342349950868732 0.031575864994690624 0.039034103410489476 0.055836739023056234 0.12686448508973433
161 1449 5.472712245681916e-05 0.12441538171073158 0.017931494033565403 0.017931494033565403 0.024854596980491472 0.03192059359827661 0.040016347044771854 0.05341670911138894 0.12441538171073158
162 1458 5.80804748773657e-05 0.12069661925295593 0.01818687005162436 0.01818687005162436 0.02383910402056455 0.031039390947934675 0.039442387006416106 0.052710714840906746 0.12069661925295593
163 1467 5.803735344494823e-05 0.11621252309324219 0.019479366641563498 0.019479366641563498 0.022706636854895632 0.030362698628532313 0.04184001425509184 0.04932155199408268 0.11621252309324219
164 1476 5.759949131900177e-05 0.11456976556536849 0.01889507376744725 0.01889507376744725 0.022751621209042644 0.028581504679621082 0.04366556643744123 0.045400025636967344 0.11456976556536849
165 1485 5.200816510032425e-05 0.10718277066234652 0.01949396288530391 0.01949396288530391 0.022688177657826984 0.02763052316902827 0.04232244675868812 0.045961774737627734 0.10718277066234652
166 1494 4.833184922366516e-05 0.10470668903864541 0.019710713619219025 0.019710713619219025 0.02130137806415003 0.026668722871929413 0.03911208309983516 0.04684297812451067 0.10470668903864541
167 1503 4.3364989786343754e-05 0.10475723993084511 0.019487442881563663 0.019487442881563663 0.021620455886442045 0.02658967379183584 0.03578046740535382 0.045168762595679986 0.10475723993084511
168 1512 4.07341946240853e-05 0.09773343853793715 0.01928003576092112 0.01928003576092112 0.02114951861734767 0.026475704208186648 0.03508217126706015 0.043575659308127915 0.09773343853793715
169 1521 3.598122590461052e-05 0.09613341420709093 0.018918029834237737 0.018918029834237737 0.020883714737848363 0.025804690307550046 0.03168043891420839 0.04482249332373072 0.09613341420709093
170 1530 3.192779166850971e-05 0.09470772284553547 0.01928909879622577 0.01928909879622577 0.020268708427091733 0.022892632155220385 0.03102998547206943 0.0447291295339842 0.09470772284553547
171 1539 2.9608494156205347e-05 0.09501975134944872 0.01823608403177689 0.01823608403177689 0.019871394644954313 0.022545373300443282 0.03076881650957275 0.04278493861711581 0.09501975134944872
172 1548 2.7896651785867495e-05 0.09228166821784668 0.017803565725392 0.017803565725392 0.019348664699962572 0.02186982326974241 0.02956499083323646 0.04242419863452609 0.09228166821784668
173 1557 2.5849573447799218e-05 0.09333391475629686 0.01723955337014991 0.01723955337014991 0.018515672415180266 0.021399159003211557 0.02948847959715994 0.04149429841115177 0.09333391475629686
174 1566 2.515075263331929e-05 0.09274663293150195 0.017562528444457354 0.017562528444457354 0.0181350023580264 0.020119597432797256 0.028839672248425565 0.04200987586905844 0.09274663293150195
175 1575 2.2056760657022375e-05 0.08417566505866986 0.016876965962277442 0.016876965962277442 0.019275446349545148 0.020423150146244212 0.02866050706425528 0.042121490852902885 0.08417566505866986
176 1584 1.886240241818505e-05 0.0809702426419638 0.016526508580735927 0.016526508580735927 0.01879362081035644 0.02088704678681903 0.026727415489698307 0.04263619266051048 0.0809702426419638
177 1593 1.6570266592450015e-05 0.07406414220711714 0.015835986384951286 0.015835986384951286 0.018646085637132135 0.01998676355058133 0.02720092358538002 0.04216107082247683 0.07406414220711714
178 1602 1.5178597261683757e-05 0.06958915464886306 0.015817737220003472 0.015817737220003472 0.01843002636217706 0.019666595316875382 0.025165144950208797 0.04217580999888264 0.06958915464886306
179 1611 1.4029948737205599e-05 0.06728513907444905 0.01616636727998562 0.01616636727998562 0.017734916078405934 0.01952127984673601 0.023036595187726168 0.04264249534445394 0.06728513907444905
180 1620 1.1674872415473664e-05 0.06939497718537545 0.015201679902554766 0.015201679902554766 0.017336377678586937 0.01893409608424168 0.02331673904338887 0.04017691748119648 0.06939497718537545
181 1629 1.0132740020523376e-05 0.06903214919363494 0.014585631261558565 0.014585631261558565 0.015774983514417806 0.018818295025343323 0.02274548539915717 0.03914510575698357 0.06903214919363494
182 1638 9.68875743748661e-06 0.06857847538676755 0.014665157254651033 0.014665157254651033 0.014841355390220084 0.01862785012309972 0.021471842650284876 0.038493682868089074 0.06857847538676755
182 1638 9.68875743748661e-06 0.06857847538676755 0.014665157254651033 0.014665157254651033 0.014841355390220084 0.01862785012309972 0.021471842650284876 0.038493682868089074 0.06857847538676755
