% # columns="iter, evals, sigma, 0, fitness, xbest" seed=317361, Sat Nov  9 20:57:37 2024, <python>{}</python>
1 9 0.8971195891497867 0 918.6736905690559 0.990389773877566 -15.09317479053366 4.46697617143201 -19.993803395344287 -14.601549121813271 4.766055365614536
2 18 1.0261561001700084 0 779.1713879008206 1.4008197463156842 -12.916030736918318 3.3472560976032604 -19.86333464775957 -14.09878096484873 4.169379385014926
3 27 1.2250398088607581 0 722.7127606479319 0.8541091930454137 -11.810586726704566 3.221794806895645 -19.937514710447186 -13.32564025862824 4.053905783570868
4 36 1.5936520405315715 0 631.80092316665 0.6861141394053804 -10.794484080184333 1.682967725758959 -19.970379089720257 -12.601860007030908 4.023230275265516
5 45 1.9754664035849117 0 514.6650519240679 -1.7781410037469971 -10.119799267104055 0.8634739765064376 -19.58851419503704 -10.868534856896224 2.0797654544609543
6 54 2.19846351627608 0 539.4011884516246 -1.9735794035744196 -8.370851131530666 1.8283089516225703 -19.922333347115615 -8.278722515984239 4.397233384710006
7 63 2.7094606905269707 0 342.0034220825096 -2.3661219214197 -1.8089065910032893 -1.5974339735353538 -19.77598123586492 -7.912652400306988 -0.13850552602433508
8 72 2.9041793810287584 0 328.6918171342297 -3.5516860873184743 -4.3801988751025895 2.836330277836325 -14.466019401168337 -8.549640217260409 3.1102121982443633
9 81 3.4264140582034623 0 224.2083439139323 -1.3809798465450833 -8.949415692046738 -4.909268312208589 -14.404292971488829 -9.89927823061725 -0.3799354875016494
10 90 4.2641873109247825 0 171.85169247007397 -1.182856734494387 0.9655667346840175 -7.3553137224060805 -12.493378240047598 -9.678758132059558 0.5738969524797817
11 99 4.66103395860554 0 210.61643576807955 -6.509252478132895 2.071447639051927 -3.5092576736318497 -8.869729385992983 -12.557379946057123 -4.890713835967705
12 108 4.817877425652242 0 169.10935635497438 -4.861476154293898 0.05681657448379185 -6.875767917055058 -12.423327612400946 -8.761441659369154 -4.00702089272398
13 117 4.816542372628466 0 127.6892536163464 -2.4807757356824784 -4.32613381725511 -4.197724852290509 -3.9502810211037067 -10.968600640480568 -5.0750707442310965
14 126 4.380451254051973 0 115.83059497710033 -6.062288372810831 -0.4028373343158651 -2.090162061556471 -6.427707107614224 -7.067695333367023 -3.855817167670743
15 135 4.308972573955715 0 111.72652375413483 -6.878671795629844 -5.9439155721770165 -0.1725232767375866 -2.637224822164751 -5.348252088130283 -3.866043751414317
16 144 4.303377929645074 0 110.54242091065413 -3.9363248749484034 -7.184667818113979 1.0731523547981654 2.335468680302765 -4.35108411968179 -2.611068741023714
17 153 3.9460259753823776 0 58.61408633917336 -2.8096537342938035 -3.7472534299703883 0.12821730231637396 -0.8299370673708935 -3.6760300186995893 -3.7163878937373562
18 162 3.8607667409653756 0 63.75467899558991 -2.0667796159158294 -5.238488198808435 -1.5198033095416086 3.6504931602839124 -0.7970850601723796 -2.317276437404062
19 171 3.9863160261852486 0 46.24874435299087 -0.5085391678379256 -1.8610708051016012 -5.43419635414201 -1.0435834892018323 -1.1924051900517108 1.9987541284082082
20 180 3.9138708570944525 0 57.52483991540885 -3.872809049685141 -2.1526478957237605 -0.5349785565335092 -2.941354403294413 -1.692385271351933 3.864002615124039
21 189 3.5945968803953865 0 42.57768547266243 -1.560379018833113 -2.2779277346854467 -0.9103191355447684 0.8270391929192651 -3.398211940467549 1.2521317264123626
22 198 3.566426443115776 0 -0.0003815936393323227 -1.344478903548712 -0.545708953649755 4.7767206085636555 7.837782465910052 4.692043777362523 3.3192081715183397
23 207 3.867881001712788 0 10.57982531905607 1.959284653677624 -0.21689032345400183 1.939923647602352 8.746401675162808 7.35125871991327 1.806776645910796
24 216 4.045177892561797 0 -4.308390690592347 1.6085588131578161 0.8971834919085107 6.1027721804639725 11.465053847780357 8.245431389384189 7.103221632338938
25 225 3.9504408477999067 0 21.868135140615806 1.871365839673365 0.5082002054803068 9.540478229089413 5.531408146901013 2.7100573888530106 3.9605315442742013
26 234 3.9928729087782715 0 -6.727697055715765 4.009715226952706 4.429836814090466 4.5365519726193675 1.415311504900012 4.0715319545025945 5.967268821617573
27 243 3.7897866019848823 0 -18.401570166804078 4.300200478170389 4.677563204656713 5.595343506022755 3.675136366527304 7.004824640007136 6.674338963657278
28 252 4.035996032791753 0 -26.576326738410216 5.82817253447911 7.768301048434711 7.546239889008818 7.142595245459271 10.704716371416946 8.125598512040733
29 261 4.557869434523039 0 -23.58905953364018 2.950250269341946 9.814529689071495 7.586056102256318 11.634870388473816 9.41954497363658 5.065918517729867
30 270 4.420480084271724 0 -35.52804305780697 2.900896249713235 4.913389743952539 7.05252730636602 9.685429859157537 7.074089797516225 5.912461322548761
31 279 4.045049202516798 0 -44.78908090786757 3.9366291973961425 7.495723861963877 10.006379729390392 11.597083765482179 9.443558449624211 4.496942657563886
32 288 3.6458263694311226 0 -36.88528513825193 4.099320111023801 9.011270722076322 8.184574366556857 8.514123633808069 5.328027675718081 4.490418835139465
33 297 3.1271007783168634 0 -30.20081276219878 3.719157686447052 9.177247663835251 7.199536333736322 6.489075099266387 6.844589876605487 6.067957031989341
34 306 2.9331493342202437 0 -34.21323641523384 1.1964168294015498 5.567784512798587 7.06090014039661 8.218455195356375 6.94667924678464 5.360087159072369
35 315 3.075996716005943 0 -29.67555788717101 2.309785341842084 8.129369941150152 12.457652463318777 9.945614762833127 11.285471414390027 6.706837755064997
36 324 3.18801603105819 0 -43.881440011039444 3.628618631343648 9.045844096254543 11.530787534407539 11.529178129251164 10.185478426456621 7.493103171646579
37 333 2.6632989151255417 0 -37.57502383057641 3.294295343285858 9.46436338668783 9.72985454887821 8.805697371638232 9.444934101924025 4.763897192863185
38 342 2.768130243425796 0 -39.54700827131302 5.259955261266072 10.153524424373305 10.51738195014007 10.703900230608662 11.610549388345316 4.920791192582618
39 351 2.3764385877823346 0 -36.68145357544108 4.250136060213996 7.2463454564318965 8.682267655503203 11.311119439921539 12.088619675138007 5.394650120406268
40 360 1.99603268368399 0 -40.35345118050532 4.752474323440757 8.291116882030927 8.3577682408448 11.235307990736143 11.303445693049774 6.216305941195425
41 369 1.7721390169906222 0 -45.31578685634207 4.650611304564364 8.570649279653349 8.789046030451406 10.481233122240214 9.474032947253809 5.30135430146789
42 378 1.7380732983452827 0 -46.28839169497587 4.16015697704095 9.783945106507177 11.157375541428092 11.376931915249099 10.158213812437419 5.668135652810566
43 387 1.6495809415036398 0 -46.83907067285077 4.889931954577745 9.752244630339193 11.279661699706205 11.029464803434587 10.256510021182045 5.0054120422864035
44 396 1.6393973203037313 0 -49.35299211860632 5.142567819587833 9.425395224055464 11.302003993298573 11.009602749607556 9.523105447922049 5.742693152833194
45 405 1.6514094507554449 0 -49.25972755741259 6.106038499374439 9.545650647838151 11.108895603411831 11.408600173228603 10.270925885775794 5.918227670241909
46 414 1.665856061787727 0 -48.89883166841406 6.172901445685829 10.47667609541873 12.125697685184125 11.96761286862267 9.498368399375622 4.85868474475765
47 423 1.5820578060616328 0 -47.710305479261535 5.993023845560802 9.352474561752146 11.30078130254763 13.01200599621389 11.346224541366361 7.004934927147053
48 432 1.557019095179467 0 -48.10412810244509 5.998011283266738 9.713276324544188 11.524711902253783 13.255070179783795 10.54836544379275 6.149311549119325
49 441 1.4032007761683478 0 -48.664863213503054 5.737429866893931 10.387106686579806 12.255870456832076 13.061670818105654 10.555268437116963 7.019964491358233
50 450 1.2312598275684559 0 -49.074136688597946 6.315359252581801 10.606028067537581 12.031823520084336 12.317314059420385 10.357654161487956 5.407145306691019
51 459 1.111829208192709 0 -49.504192789688034 6.133684141121873 9.886011086800329 11.772278862297407 11.738850692346597 10.255680862575954 5.580780657972576
52 468 0.990545923697597 0 -49.65648231590285 6.301732078096155 10.639544961967726 12.482515662677331 12.178081428985692 10.01479509763165 6.418350891538223
53 477 0.8699255959833632 0 -49.75962786096295 5.712800983006032 9.893626476753418 11.842561306454126 11.920618500971392 10.19576069501575 5.735942359387498
54 486 0.7704918805825789 0 -49.6921179965824 5.882149716040147 10.342504325990115 12.199327810193704 11.98011814554961 9.53509780087322 5.680123434460326
55 495 0.755661722063894 0 -49.78119913573482 5.857329841675827 10.03512608411571 12.546329122900692 12.501919647780785 10.325728261615705 6.024585702413024
56 504 0.6749122973279297 0 -49.6734755862891 5.879775525089029 9.48751446977885 12.1172307271928 12.20726905724512 10.030549659049647 5.859742975426554
57 513 0.5973373289348237 0 -49.79596294355059 6.137681714024971 10.451604607654547 12.446394942000648 12.021192102934169 10.199042721307983 5.928779105336001
58 522 0.5062718548577951 0 -49.82542251460518 6.413208632072006 10.390663619052305 12.389842364941787 12.333033856981404 10.06568301214849 5.808070694748184
59 531 0.49832751297240824 0 -49.9666332499188 6.020122216517915 9.93736003006946 11.838612040787963 11.770368154352507 9.93842500795877 6.055617879302799
60 540 0.4622751205886749 0 -49.928225045629574 5.997159749893659 9.949827378812953 11.643005599717501 11.636942611692662 9.715284258571762 5.872744845476967
61 549 0.41217280403380946 0 -49.946117156768935 5.941045037499125 10.176786963129885 12.057363540845353 12.045528395410786 9.897947581823715 5.888449934730425
62 558 0.35980671799774994 0 -49.93653618864312 5.99445927133836 10.241754100386173 12.19838148762625 12.015048878141318 9.8783589675893 5.984829014450099
63 567 0.33211195876797667 0 -49.946739518152185 5.988727890586132 10.046683801138933 11.90595669603257 11.946673048042422 9.826670821027063 6.07481457265828
64 576 0.2820987926274858 0 -49.9562873694818 6.137075651159076 10.287495864001805 12.290046244781013 12.210728840952882 10.075382379016368 6.134002183636825
65 585 0.26540261134740906 0 -49.97972166734803 5.96128863491644 10.085024149148918 12.10820201670615 12.185695370031896 10.1134938023448 6.109433221592795
66 594 0.2767679247251429 0 -49.969890168732036 6.158255409458978 10.128842442546228 12.016105688510937 12.100964482224992 10.104767848986075 6.1190793442009745
67 603 0.251130405623528 0 -49.987533696020364 5.96659136640379 10.05855041238391 11.973639364382842 12.027764151545385 9.996847282856766 6.0445745015655765
68 612 0.2368636256134886 0 -49.9950479375467 5.986020393290271 9.947638829888575 11.937332961809913 11.961591707521272 9.90606792411591 5.948220155360705
69 621 0.22033808677687156 0 -49.99155391675839 5.934454485746429 9.887401920089438 11.89567132372923 11.927486415989234 9.968469608247146 6.043920313788003
70 630 0.18579477121582272 0 -49.99227854156538 5.9674019123250375 10.003760503321482 11.99803546134694 12.021921878198594 10.077652831219964 6.095102863487515
71 639 0.1572297564180455 0 -49.996012235943795 5.971167838301124 9.98851338296567 12.015263399764383 11.989815569592487 9.933472683842075 5.973546206571427
72 648 0.13589936853047485 0 -49.99762173331317 6.001962841260279 9.973143269951937 12.008167035293697 11.974331210386982 9.992209291700558 6.0206057926841625
73 657 0.11696088475448059 0 -49.997504466180374 6.009806744295039 9.996068708419283 11.99356402715692 11.950434848204157 9.974839331569257 5.9563741037488915
74 666 0.10426782362127462 0 -49.99863096268399 5.996668620562299 9.956467870326305 11.981654462777183 11.977531797498894 9.971438026255571 5.983027526992561
75 675 0.0886495052953771 0 -49.99875647434527 6.017079841777417 10.005191255226421 12.024787394200503 12.01370067851639 9.985901497309111 5.974581078924946
76 684 0.07393367809643815 0 -49.99922260031889 6.021339764739166 10.009201543211148 11.987986050305778 11.992474589702885 10.000715467312547 6.014739410289033
77 693 0.06484215102453825 0 -49.99944893503317 6.00598298019632 9.984008124545175 11.979593865238186 11.998797229350732 10.004317558641299 6.010973256913476
78 702 0.054725452903885814 0 -49.99968247052203 6.006603777229157 10.00547180440291 11.998428758746835 11.989050275554582 9.97663661556252 5.9847416850733195
79 711 0.051375935041110925 0 -49.999696548109966 6.008072645561195 9.995362755669143 11.994075025957649 11.997753921154548 10.008329257576897 6.014616335551094
80 720 0.04687488337715666 0 -49.99962695998687 6.001962109539846 10.014867483082286 11.991624425503222 11.993498375566416 9.998663756220274 6.000807706809208
81 729 0.04249414925713262 0 -49.99960461710282 6.004567283758577 10.012039403476646 11.995686068876553 11.992917742716374 10.003248760743828 6.014410521334541
82 738 0.040329410737502285 0 -49.999612833728065 5.9958158714117165 10.008079924053542 11.986032046758607 11.994892326351511 9.998601636751976 6.002979709749816
83 747 0.03453105607596742 0 -49.99984723965349 5.995561807758008 10.00779129668175 11.996809700235579 11.99703902885368 9.996315031480936 6.000194796092146
84 756 0.03324908315244884 0 -49.99981789336795 6.0089634118568025 10.001810087295944 11.992504537348742 11.985495866678042 9.986152356653115 5.99365761751426
85 765 0.03432151689686975 0 -49.99982186634537 6.000046800663484 10.011325690726498 12.000782516521912 12.00438497133465 9.995819900656837 5.994532191901423
86 774 0.033552842794968424 0 -49.99984682462423 5.996736056748134 9.999302743885027 11.99376453354949 11.986340554189145 9.981243671447437 5.989772084055312
87 783 0.029365505668707954 0 -49.999921235339116 6.000593993323983 9.99828318940563 11.991935333897947 11.988434492206194 9.989969119734656 5.99981266280125
88 792 0.02964743194362729 0 -49.99991982471971 5.995770217291056 9.987068885573295 11.989079498183806 11.987377887450013 9.990570139937697 5.993679349444992
89 801 0.02686159458084919 0 -49.99997349783888 5.996835279731252 9.996174856525137 11.991824048749544 11.993978697860634 9.996372726376846 5.99636006386188
90 810 0.024112459083661608 0 -49.9999436068494 5.993209230509967 9.989490194024723 11.991061226724764 11.994303877351852 9.994953890946281 6.0011309477939605
91 819 0.023800653001883457 0 -49.99998046382382 6.003017251000393 10.002008646602176 12.005403611521585 12.002105820424331 10.001033286126866 5.998956854094193
92 828 0.0224912313171072 0 -49.999961510012895 5.998938430612915 9.994054449488921 11.9901108476777 11.992684016000819 9.992359312835283 5.995664340846291
93 837 0.01986974231771454 0 -49.99996204928556 5.997214459362703 9.995814859692585 12.000724392179244 12.004343321461548 10.003992237870367 5.9987641757580885
94 846 0.016809972772945523 0 -49.999972942635054 5.99813099229992 9.99578478890766 11.991995493529936 11.99215949547453 9.99254758089953 5.995088183415964
95 855 0.014697176652640203 0 -49.999976878158975 5.996599548849094 9.99467002007894 11.992542858387443 11.992330609488322 9.994017804876874 5.9953284696269
96 864 0.012441799276716814 0 -49.999976727769365 5.99566668028958 9.994035853570333 11.995024109786042 11.995740478785285 9.994627549942924 5.995320392115816
97 873 0.011923110812928718 0 -49.99998836015368 5.999151232354819 9.997701466037011 11.99652605054073 11.995473503845663 9.997794269905249 5.996644422147514
98 882 0.011047219056787065 0 -49.999992800339214 5.998765494815691 9.999186365559293 11.998784178077827 11.996600581979138 9.996157357913516 5.997771316878552
99 891 0.009835987531208373 0 -49.99999087474686 5.997653960448163 9.998405877812578 11.99734644204312 11.997678761323417 9.998733616995672 5.997241508364263
100 900 0.00951166611105932 0 -49.999997429156224 5.9996537723823335 10.000242547644435 12.000365100585258 12.00087664800935 10.001649526794276 5.999720080955237
101 909 0.0093296754737905 0 -49.99999769386261 6.001544140422976 10.001063587247225 12.001673201926824 12.000885173069856 10.000884193750478 5.9998882675200464
102 918 0.008375151932085736 0 -49.99999764780915 6.000457262229333 10.001346910612597 12.001903335809446 12.00097905669653 10.001566970042724 6.000088295046658
103 927 0.007373333155330599 0 -49.99999787451816 5.999756097264464 9.999745838175755 12.000519251349337 12.000754294258108 10.001970907918015 6.000745069943761
104 936 0.006436956253659011 0 -49.99999819373278 6.000117201978245 10.00071320284703 12.000855221437522 11.999684700156537 9.99894805017885 5.9988586636490355
105 945 0.005968679759393766 0 -49.999997133794125 6.001522516748127 10.000446211538666 12.001285007789567 12.001007097289648 10.00141754302259 6.000320230419419
106 954 0.005705642513426496 0 -49.99999910821674 6.000094163982286 10.000382543858198 12.00049058322245 12.000766838603589 10.001312498576041 6.000184828021931
107 963 0.005161251380262774 0 -49.999998433716996 5.999968553296075 10.001141664760109 12.00057289437059 12.000485641598214 10.000704481580108 5.999601163040613
108 972 0.005018045606702544 0 -49.999998916194045 6.000315335061783 10.00145712844902 12.001312786979602 12.000577188329277 10.000138626734362 6.0000866146479925
109 981 0.005257817184652567 0 -49.99999937674022 5.99993429747758 10.000299882429497 12.000242313317711 12.000549935511186 9.999626991048444 5.999602295868064
110 990 0.005645734419913275 0 -49.99999948706318 5.999971518986316 10.000168245568577 11.999712923161393 11.999626634617087 9.99934025357836 6.000155899497214
111 999 0.004847079398681263 0 -49.99999910108335 5.999130336575011 9.99898952712468 11.998923114802237 11.99974124404955 9.999885009635582 5.99954208908655
112 1008 0.004401550312322928 0 -49.9999994921709 6.000126040953555 10.000501767780124 11.99985018254308 11.999373015252331 9.999363303278129 5.999723863474237
113 1017 0.003585350271422689 0 -49.99999942232694 6.000537790902914 10.001020082521645 12.000436027211471 12.000697969101632 10.00066551624872 6.000358042685035
114 1026 0.0034327732951954875 0 -49.999999804754395 6.000292731267779 10.000080743516431 11.99977520541354 11.999994394543426 9.999715540961024 5.99986885240458
115 1035 0.0031093751628058436 0 -49.99999976502784 6.000160984990638 9.999885008160355 12.000041808378478 12.000161003948119 10.000543342093579 6.000138858766807
116 1044 0.0025773114343367693 0 -49.999999853609665 6.000206876115245 9.999883782530855 12.000004340960528 12.00011016683676 9.999900600817458 6.000138717360528
117 1053 0.0025109968100655395 0 -49.9999997688829 5.999686223722367 9.99984124458406 12.000259230773224 12.000174074842203 9.999839290151007 6.000047685239903
118 1062 0.0022325764183533437 0 -49.99999995269229 6.000110691236094 10.00019297409635 12.000158922618375 12.000068673067547 9.99989589336917 6.000072477709186
119 1071 0.0018742184071903706 0 -49.9999999221543 6.000002372640968 9.999796979577383 11.999987500344623 11.999842728184557 9.999793482799994 6.000024202197943
120 1080 0.0017042250442280515 0 -49.999999973055424 6.0001142678155714 10.00012948921645 12.00012589444335 11.99993458026242 9.999915329064684 5.999961614040317
121 1089 0.0016007818611475022 0 -49.999999953922725 5.999966056225057 9.999952593613127 11.99993879672667 11.999956600208595 9.999805028812379 5.999747058501869
122 1098 0.0015300120540440232 0 -49.99999992943651 5.999856606773319 9.99971091587595 11.999761111234731 11.999905128196376 9.999915476911319 5.999767475879804
123 1107 0.001264232325228402 0 -49.999999968139434 5.999894448126478 9.999938552914223 11.99997020818206 11.999907085894929 9.99984075015845 5.999800860129597
124 1116 0.0011093797579600753 0 -49.99999998227406 6.000017404477092 9.999987292654446 12.000009506843293 12.000012642863172 9.99997013912557 5.999859597549789
125 1125 0.0009167901870621499 0 -49.99999998382361 5.999956008720094 9.999893256486073 11.99989997575847 11.999985013015284 10.000016796986603 5.999913393103437
126 1134 0.0007592671716734107 0 -49.99999998447663 5.999960066710543 10.000049216059974 12.000084484081247 12.000005653193742 9.999976709484905 5.999907926759778
127 1143 0.0007135410325408608 0 -49.99999998916985 5.999962539212761 10.000004594756932 11.999958575152045 11.999972964205408 9.999886391362752 5.999909914189765
128 1152 0.000674009623148914 0 -49.99999999686946 6.000006124406373 10.000006941366061 12.00000617627141 11.999966288517696 9.999932008589024 5.999942079525107
129 1161 0.0006615843633701158 0 -49.999999993174754 5.999993576624323 9.999968286910132 11.99993685677263 11.999878327686753 9.99987246277689 5.9999222840970035
130 1170 0.000618900087229509 0 -49.999999994197196 6.000007236267965 9.99996057480027 11.999917017130235 11.999908366955523 9.999883640354131 5.999945184255037
131 1179 0.0006062829433857755 0 -49.9999999920787 6.000013397106885 9.999989592501537 12.000051523439796 12.000077914513001 9.9999954661164 6.000041071981765
132 1188 0.0005942165693259525 0 -49.99999999449261 6.000053968747497 10.000039348605705 12.00009227266711 12.000045953682259 10.000013160699678 5.999976747856487
133 1197 0.0005574593149077535 0 -49.99999999654278 6.000045985938097 10.000045069659436 12.000022974818727 12.000053085931864 10.000008505032726 5.999977979770733
134 1206 0.0004859406111888823 0 -49.99999999562391 6.000056077806807 10.000047610559047 11.99999762508898 12.000003045636678 9.999963257304705 5.999962267402328
135 1215 0.0004759855090706014 0 -49.99999999622651 6.000042745509753 10.000033781278354 11.999984840415216 11.999954138462149 9.99996951876485 5.999956471080635
136 1224 0.00043852376912721983 0 -49.9999999968702 6.000039635235776 9.999981356472025 11.999998959951691 11.999974380555008 9.999977577254736 5.999981150020143
137 1233 0.0003795505929731996 0 -49.999999996884014 6.0000066275584505 9.99994190191958 11.999947025304865 11.999964207605514 9.999981601115298 5.999966251062072
138 1242 0.0003275100012101944 0 -49.999999998021735 6.000026835247114 9.999993744479111 12.000014806013754 12.000010334158002 10.000027528616034 5.9999913677287005
139 1251 0.0003116139722842726 0 -49.99999999932112 5.99998928419079 9.999963457551672 11.999967966775653 11.999973769041926 9.999986378633315 5.999981572151807
140 1260 0.00030187705718934943 0 -49.999999999000806 6.000025979942473 10.000014482965346 12.00001529362591 11.99999606413605 10.000019800550701 6.000004369779945
141 1269 0.0003031973124489689 0 -49.99999999946624 6.000006060963162 9.99998448309794 11.999989738486764 11.999974394819969 9.999985144239856 5.9999987366256935
142 1278 0.0002733873213021486 0 -49.9999999990755 6.000000607269706 9.999976205167611 11.999996950961856 11.999979430719183 10.000001298786753 6.000004944965326
143 1287 0.00028158085579984773 0 -49.999999999193506 5.99998472289322 9.999963857367392 11.999967123926771 11.999966395336859 9.99996636459578 5.9999967307405555
144 1296 0.00024949899987677156 0 -49.99999999962557 5.999998616102242 9.999981360476802 11.99998054537326 11.999977266878627 9.999992082125315 6.000005704777817
145 1305 0.00022816249650656635 0 -49.99999999945601 6.000004106402333 9.999976202390116 11.999971040499895 11.999971992208668 9.99998248754339 5.999992086306012
146 1314 0.00020331344058326282 0 -49.99999999940678 6.00000190566181 9.999980193795736 11.999987641925308 11.999978370201248 9.99998694649257 6.000007812592834
147 1323 0.0001792788053451112 0 -49.99999999973744 6.000008572198706 10.00000600200653 12.000008939595004 11.999997142856746 9.999991770411597 6.000006716430974
148 1332 0.00020067702488520535 0 -49.99999999976836 5.9999909683874275 9.999984896406428 12.000000657810507 11.999993907328815 9.999996269999473 5.999993765414204
149 1341 0.00018471280505596042 0 -49.99999999971391 6.000001569199763 9.99999670455716 12.000014232639442 12.000002360069018 9.999999693801941 6.000006584562206
150 1350 0.00017550529053875284 0 -49.99999999990962 5.999999311182013 10.000003404812984 12.000004331008705 11.99999579449337 9.999991865474739 5.999991396179732
151 1359 0.00015432305656365867 0 -49.999999999793545 6.000008184559239 9.999997686755751 12.000007366380146 12.000000490811418 10.000008044594084 6.000002370711885
152 1368 0.00014089088636558847 0 -49.99999999984942 6.000008841872286 9.99999619469905 12.000002162273452 11.99999883656243 10.000002170956645 6.000002264893663
153 1377 0.0001280660947512586 0 -49.99999999996675 6.000000995370168 9.999996816686977 12.000001721277407 12.000001079665548 10.000004545542245 6.0000015302218195
154 1386 0.00011798355205020497 0 -49.9999999999456 6.0000027271889 10.000000242729223 12.000001932987505 12.000000431147416 10.000004323935693 5.999996439634153
155 1395 0.00010146566532112409 0 -49.99999999994782 6.000006037335609 10.000006424513451 12.00001021125502 12.000003503551065 10.000003973203576 6.000001526797926
156 1404 9.519433532189804e-05 0 -49.999999999933834 5.999998485069771 9.9999989415321 11.999998281686652 11.999993159295325 10.000000693631316 6.000005152697359
157 1413 8.436482295212904e-05 0 -49.99999999996027 6.000004307154916 10.000004567307013 12.000005455952781 11.999997835746184 9.999998563292374 5.999999716070909
158 1422 7.731510335483599e-05 0 -49.999999999964416 6.000003379811858 10.000004748714767 12.000000243194858 11.999996946733152 9.999996210977123 5.999995029367413
159 1431 6.406385532300517e-05 0 -49.9999999999871 5.999999790565382 9.999999610751093 11.99999962587793 11.999995558868275 9.999998119264797 5.999998407193389
160 1440 5.8022683489945916e-05 0 -49.999999999951115 6.000002828362989 10.000005397035181 12.000001803620552 11.999999360059546 9.99999638409211 5.999993247359699
161 1449 5.472712245681916e-05 0 -49.999999999990166 6.000000032201232 9.99999799748739 11.9999964839407 11.999994621635178 9.999996407128735 5.999997943267855
162 1458 5.80804748773657e-05 0 -49.99999999998613 5.999996244749486 9.999998131288784 11.999996757593681 11.99999638651401 9.999996136028779 5.999997665663254
163 1467 5.803735344494823e-05 0 -49.99999999998846 5.999998238892276 9.999999818540738 12.000000872801817 11.999998529371068 9.999997302326145 5.9999969554626595
164 1476 5.759949131900177e-05 0 -49.999999999997044 6.000000987178737 9.999999347795347 12.00000022777209 11.999999785875433 9.999999003265028 5.999999189294603
165 1485 5.200816510032425e-05 0 -49.99999999999005 5.999999608404405 10.000001339670023 11.99999939430587 11.999998045306173 9.999996447151757 5.999997120777564
166 1494 4.833184922366516e-05 0 -49.9999999999946 6.000000403815848 10.000002898913689 12.00000151618119 12.0000002223586 10.000000875663595 6.000000206526343
167 1503 4.3364989786343754e-05 0 -49.999999999996305 6.000000659247987 10.000002260830225 12.000001374369909 12.000002235914879 10.000000565148108 6.000000167206404
168 1512 4.07341946240853e-05 0 -49.99999999999602 6.0000006666413785 10.000000043885588 12.000001230659601 12.000002363223672 10.000000412174472 5.999999730718043
169 1521 3.598122590461052e-05 0 -49.999999999996646 5.999999427192723 10.000001139829598 12.000001775168636 12.000001550091948 10.000000646981844 5.999999349153387
170 1530 3.192779166850971e-05 0 -49.99999999999807 6.000000828701419 10.00000199670513 12.000001694530035 12.000001694567432 10.000001330616685 6.000001298075067
171 1539 2.9608494156205347e-05 0 -49.99999999999943 5.999999466068872 10.000000032096827 12.000000275223561 12.000000277234383 10.000000545678853 6.000000131854969
172 1548 2.7896651785867495e-05 0 -49.999999999998806 5.999999419622067 9.999999044870282 11.99999941641615 11.999999817574473 9.999999091670688 5.999998946058647
173 1557 2.5849573447799218e-05 0 -49.99999999999761 6.000000022861061 10.000000183269451 12.000001855390924 12.000002115428487 10.00000161126564 6.000001244354873
174 1566 2.515075263331929e-05 0 -49.999999999998124 5.999999406432129 9.999998182317555 11.999999205392081 11.999999963062884 10.00000003875405 6.000000423023456
175 1575 2.2056760657022375e-05 0 -49.99999999999892 6.0000001615035226 9.99999955689958 12.000000502921866 12.000000427150063 9.999999836298509 5.999999330169852
176 1584 1.886240241818505e-05 0 -49.99999999999943 6.000000255600459 9.999999975423533 12.000000379508535 12.000000855726885 10.000000732440077 6.00000075125701
177 1593 1.6570266592450015e-05 0 -49.999999999999375 6.000000562037533 9.99999988557072 12.000000167388054 12.000000378785108 10.000000478061953 5.999999908942794
178 1602 1.5178597261683757e-05 0 -49.999999999999716 6.000000260400375 10.0000001854529 12.000000073224832 12.000000364253781 10.000000602215797 5.999999940067459
179 1611 1.4029948737205599e-05 0 -49.99999999999966 5.999999701599295 9.999999449934837 11.999999522390613 11.99999976453713 9.99999930849248 5.999999587389592
180 1620 1.1674872415473664e-05 0 -49.99999999999977 6.000000063221708 10.000000122440134 12.00000054318554 12.000000435019512 10.000000290066199 5.9999999286032555
181 1629 1.0132740020523376e-05 0 -49.99999999999977 6.000000067625486 10.000000226703783 12.000000589876686 12.000000851749167 10.000000479356776 6.000000128457639
182 1638 9.68875743748661e-06 0 -49.999999999999886 5.999999666619831 10.000000060734957 11.999999889215374 11.999999982653758 9.999999977586912 5.99999989107181
182 1638 9.68875743748661e-06 0 -49.999999999999886 5.999999666619831 10.000000060734957 11.999999889215374 11.999999982653758 9.999999977586912 5.99999989107181
